L	67794,0.125;67940,0.05405405405405406;70163,0.09090909090909091;70421,0.1;71612,0.07407407407407407;72940,0.0625;74750,0.04;75792,0.05555555555555555
ouvrage	67794,0.125;67938,0.0625;74457,0.125
de	67794,0.125;67800,0.15151515151515152;67937,0.057971014492753624;67938,0.0625;67940,0.05405405405405406;67941,0.125;68276,0.125;68280,0.11320754716981132;68281,0.1;68390,0.09302325581395349;68638,0.10344827586206896;68881,0.058823529411764705;68883,0.1111111111111111;68886,0.12345679012345678;69178,0.17647058823529413;69179,0.15384615384615385;69541,0.18181818181818182;69811,0.05405405405405406;69816,0.08536585365853659;70161,0.08108108108108109;70165,0.125;70423,0.14285714285714285;70425,0.2608695652173913;70744,0.045454545454545456;70747,0.07692307692307693;70914,0.11764705882352941;70916,0.09859154929577464;71612,0.1111111111111111;71614,0.16666666666666666;71835,0.09090909090909091;71836,0.13636363636363635;71837,0.09090909090909091;72113,0.2;72114,0.2222222222222222;72119,0.05555555555555555;72392,0.08;72397,0.18181818181818182;72629,0.4;72635,0.038461538461538464;72636,0.16666666666666666;72933,0.13793103448275862;72939,0.07142857142857142;73182,0.375;73183,0.125;73185,0.125;73430,0.2;73431,0.12871287128712872;73683,0.15555555555555556;73876,0.12195121951219512;74167,0.1111111111111111;74168,0.11764705882352941;74450,0.05555555555555555;74454,0.06666666666666667;74455,0.07142857142857142;74750,0.12;75063,0.09523809523809523;75064,0.21428571428571427;75070,0.08;75457,0.1;75458,0.125;75788,0.07894736842105263;75789,0.16216216216216217;75791,0.09090909090909091;75792,0.05555555555555555;76213,0.09523809523809523
Marion	67794,0.125
Guillou	67794,0.125
et	67794,0.125;67937,0.057971014492753624;67940,0.05405405405405406;68276,0.125;68383,0.09090909090909091;68638,0.034482758620689655;68886,0.012345679012345678;69183,0.058823529411764705;70161,0.05405405405405406;70420,0.07692307692307693;70422,0.08333333333333333;70744,0.09090909090909091;70747,0.07692307692307693;70914,0.029411764705882353;70916,0.028169014084507043;71612,0.037037037037037035;72113,0.06666666666666667;72114,0.1111111111111111;72392,0.04;72635,0.038461538461538464;72939,0.07142857142857142;73431,0.12871287128712872;73684,0.08695652173913043;73876,0.07317073170731707;74167,0.044444444444444446;75063,0.023809523809523808;75070,0.08;75457,0.05;75458,0.009615384615384616;75788,0.07894736842105263;75789,0.02702702702702703
Gérard	67794,0.125;73182,0.125
Matheron	67794,0.125
Gilles	67795,0.16666666666666666;75458,0.009615384615384616
Trystram	67795,0.16666666666666666
Directeur	67795,0.16666666666666666;68638,0.034482758620689655;68881,0.058823529411764705;70161,0.05405405405405406;71835,0.09090909090909091;73430,0.1;73876,0.024390243902439025;75457,0.05
Général	67795,0.16666666666666666;68638,0.06896551724137931;70161,0.05405405405405406;70914,0.029411764705882353;72392,0.04;75457,0.05
d	67795,0.16666666666666666;67940,0.2702702702702703;68281,0.3;68638,0.27586206896551724;68881,0.17647058823529413;68886,0.19753086419753085;69177,0.42857142857142855;69183,0.11764705882352941;69542,0.23076923076923078;69811,0.21621621621621623;69816,0.21951219512195122;70161,0.16216216216216217;70163,0.2727272727272727;70422,0.08333333333333333;70423,0.2857142857142857;70424,0.6;70425,0.43478260869565216;70747,0.23076923076923078;70916,0.15492957746478872;72119,0.16666666666666666;72635,0.07692307692307693;72636,0.3333333333333333;73430,0.3;73431,0.24752475247524752;73683,0.24444444444444444;73875,0.4;74167,0.28888888888888886;74168,0.3137254901960784;74450,0.16666666666666666;74455,0.2857142857142857;75063,0.19047619047619047;75070,0.2;75457,0.2;75458,0.21153846153846154;75788,0.18421052631578946;75789,0.24324324324324326;75792,0.2777777777777778;76213,0.19047619047619047
AgroParisTech	67795,0.16666666666666666
Quelques	67800,0.030303030303030304
effets	67800,0.030303030303030304
la	67800,0.15151515151515152;67937,0.014492753623188406;68274,0.07692307692307693;68276,0.125;68383,0.09090909090909091;68638,0.06896551724137931;68886,0.08641975308641975;69178,0.058823529411764705;69541,0.09090909090909091;69811,0.05405405405405406;69816,0.04878048780487805;70163,0.09090909090909091;70421,0.1;70425,0.043478260869565216;70744,0.06818181818181818;70914,0.058823529411764705;70916,0.06338028169014084;71612,0.1111111111111111;71837,0.18181818181818182;72119,0.08333333333333333;72635,0.038461538461538464;72939,0.07142857142857142;72940,0.0625;73431,0.039603960396039604;73683,0.044444444444444446;73876,0.024390243902439025;74167,0.022222222222222223;74168,0.0392156862745098;75063,0.023809523809523808;75065,0.15384615384615385;75070,0.12;75458,0.057692307692307696;75789,0.10810810810810811
Galvestine	67800,0.030303030303030304
1	67800,0.030303030303030304;70916,0.007042253521126761
aux	67800,0.06060606060606061;67940,0.02702702702702703;70916,0.007042253521126761;72113,0.06666666666666667;72635,0.07692307692307693;72932,0.05555555555555555;73683,0.022222222222222223;74167,0.022222222222222223
niveaux	67800,0.030303030303030304
l	67800,0.5454545454545454;67937,0.21739130434782608;67938,0.5;68276,0.5;68281,0.3;68383,0.2727272727272727;68390,0.27906976744186046;68638,0.41379310344827586;68882,0.2857142857142857;68886,0.24691358024691357;69178,0.35294117647058826;69811,0.40540540540540543;69816,0.2926829268292683;70914,0.23529411764705882;70916,0.2535211267605634;71614,0.16666666666666666;71835,0.5454545454545454;72113,0.5333333333333333;72119,0.19444444444444445;72392,0.24;72397,0.13636363636363635;72932,0.2222222222222222;72933,0.27586206896551724;73182,0.375;73183,0.375;73430,0.3;73431,0.39603960396039606;73683,0.24444444444444444;73876,0.1951219512195122;74167,0.2;74454,0.26666666666666666;74455,0.35714285714285715;74750,0.28;75063,0.21428571428571427;75064,0.42857142857142855;75070,0.4;75458,0.3269230769230769;75791,0.2727272727272727;75792,0.2222222222222222;76213,0.2857142857142857
enzyme	67800,0.030303030303030304
cible	67800,0.030303030303030304
MGDG	67800,0.030303030303030304
synthase	67800,0.030303030303030304
MGD	67800,0.06060606060606061
du	67800,0.09090909090909091;67940,0.02702702702702703;68281,0.1;68638,0.034482758620689655;68881,0.058823529411764705;68886,0.024691358024691357;69177,0.14285714285714285;69178,0.058823529411764705;69811,0.02702702702702703;70163,0.09090909090909091;70165,0.0625;70421,0.2;70425,0.043478260869565216;70914,0.029411764705882353;70916,0.014084507042253521;71837,0.09090909090909091;72119,0.027777777777777776;72392,0.04;72933,0.13793103448275862;73683,0.022222222222222223;73876,0.024390243902439025;74168,0.09803921568627451;74454,0.13333333333333333;74455,0.07142857142857142;75064,0.07142857142857142;75457,0.05;75458,0.009615384615384616;75792,0.05555555555555555
développement	67800,0.06060606060606061;73431,0.009900990099009901
subcellulaire	67800,0.030303030303030304
genèse	67800,0.030303030303030304
des	67800,0.06060606060606061;67937,0.014492753623188406;68274,0.07692307692307693;68280,0.018867924528301886;68882,0.07142857142857142;68886,0.012345679012345678;69816,0.024390243902439025;70161,0.02702702702702703;70163,0.045454545454545456;70420,0.15384615384615385;70425,0.043478260869565216;70744,0.022727272727272728;70916,0.02112676056338028;71612,0.07407407407407407;71614,0.05555555555555555;72113,0.06666666666666667;72933,0.034482758620689655;73182,0.125;73430,0.1;73431,0.039603960396039604;73684,0.043478260869565216;74168,0.0392156862745098;75063,0.023809523809523808;75458,0.009615384615384616;75788,0.02631578947368421;75789,0.05405405405405406
chloroplastes	67800,0.030303030303030304
feuilles	67800,0.030303030303030304
ou	67800,0.030303030303030304;70916,0.02112676056338028;72119,0.08333333333333333
croissance	67800,0.030303030303030304;68886,0.012345679012345678
tube	67800,0.030303030303030304
pollinique	67800,0.030303030303030304
Jules	67937,0.028985507246376812;73683,0.022222222222222223
Hoffmann	67937,0.028985507246376812
Prix	67937,0.014492753623188406;72933,0.034482758620689655
Nobel	67937,0.014492753623188406
Médecine	67937,0.014492753623188406
Physiologie	67937,0.014492753623188406
2011	67937,0.014492753623188406
Au	67937,0.014492753623188406
départ	67937,0.014492753623188406
nous	67937,0.028985507246376812;70161,0.02702702702702703
voulions	67937,0.014492753623188406
comprendre	67937,0.014492753623188406;72940,0.0625;73431,0.009900990099009901;75063,0.023809523809523808;76213,0.047619047619047616
comment	67937,0.014492753623188406
insecte	67937,0.014492753623188406
se	67937,0.07246376811594203
défend	67937,0.014492753623188406
bloquer	67937,0.014492753623188406
ses	67937,0.028985507246376812;73876,0.024390243902439025
défenses	67937,0.014492753623188406
pour	67937,0.014492753623188406;68383,0.09090909090909091;68638,0.034482758620689655;68883,0.1111111111111111;69179,0.07692307692307693;69542,0.07692307692307693;69816,0.04878048780487805;70916,0.007042253521126761;72940,0.0625;73431,0.019801980198019802;74168,0.0196078431372549;74455,0.07142857142857142;75788,0.02631578947368421;75789,0.02702702702702703;76213,0.047619047619047616
le	67937,0.07246376811594203;67940,0.08108108108108109;68280,0.1320754716981132;68390,0.11627906976744186;68638,0.13793103448275862;68881,0.029411764705882353;69177,0.14285714285714285;69178,0.11764705882352941;69811,0.08108108108108109;69816,0.12195121951219512;70744,0.09090909090909091;70916,0.07042253521126761;71614,0.05555555555555555;71836,0.09090909090909091;72397,0.045454545454545456;72933,0.10344827586206896;72940,0.0625;73431,0.13861386138613863;74168,0.13725490196078433;74455,0.07142857142857142;74752,0.07692307692307693;75458,0.07692307692307693
neutraliser	67937,0.014492753623188406
Or	67937,0.014492753623188406
grâce	67937,0.014492753623188406;74750,0.04
à	67937,0.014492753623188406;67940,0.02702702702702703;68280,0.018867924528301886;68383,0.09090909090909091;68881,0.029411764705882353;68882,0.07142857142857142;69542,0.07692307692307693;69811,0.02702702702702703;70423,0.047619047619047616;70744,0.022727272727272728;70914,0.029411764705882353;70916,0.007042253521126761;72392,0.08;72397,0.045454545454545456;72932,0.1111111111111111;72933,0.034482758620689655;72940,0.0625;73431,0.009900990099009901;73876,0.024390243902439025;74167,0.044444444444444446;74168,0.0196078431372549;74750,0.08;75063,0.047619047619047616;75070,0.04;75457,0.05;75458,0.038461538461538464;76208,0.14285714285714285;76213,0.047619047619047616
drosophile	67937,0.014492753623188406
avons	67937,0.014492753623188406;70161,0.02702702702702703
pu	67937,0.014492753623188406
apporter	67937,0.014492753623188406
en	67937,0.10144927536231885;68280,0.09433962264150944;68390,0.023255813953488372;69179,0.15384615384615385;69816,0.12195121951219512;70420,0.15384615384615385;70423,0.047619047619047616;70744,0.06818181818181818;70916,0.056338028169014086;71614,0.1111111111111111;71836,0.045454545454545456;72636,0.16666666666666666;72932,0.2222222222222222;72939,0.14285714285714285;73431,0.09900990099009901;73683,0.06666666666666667;73684,0.043478260869565216;74167,0.08888888888888889;74450,0.05555555555555555;74457,0.125;74752,0.07692307692307693;75063,0.16666666666666666;75457,0.1;75458,0.038461538461538464;75464,0.3333333333333333;75788,0.13157894736842105;75789,0.05405405405405406;75791,0.13636363636363635
quinze	67937,0.014492753623188406
ans	67937,0.014492753623188406;75063,0.023809523809523808
éléments	67937,0.014492753623188406
nouveaux	67937,0.014492753623188406
importants	67937,0.014492753623188406
sur	67937,0.014492753623188406;68274,0.07692307692307693;68882,0.07142857142857142;68886,0.04938271604938271;69816,0.012195121951219513;70425,0.043478260869565216;70916,0.04225352112676056;72119,0.05555555555555555;72940,0.0625;73431,0.009900990099009901;75458,0.009615384615384616;75789,0.02702702702702703
immunité	67937,0.014492753623188406
innée	67937,0.014492753623188406
qui	67937,0.043478260869565216;67938,0.0625;68274,0.07692307692307693;70916,0.007042253521126761;74167,0.022222222222222223;75065,0.07692307692307693;75788,0.02631578947368421
concernent	67937,0.014492753623188406
tous	67937,0.014492753623188406;67940,0.02702702702702703;69542,0.07692307692307693
les	67937,0.043478260869565216;67940,0.02702702702702703;69542,0.07692307692307693;69816,0.04878048780487805;70916,0.04225352112676056;71612,0.037037037037037035;72635,0.07692307692307693;73431,0.04950495049504951;75063,0.11904761904761904;75458,0.028846153846153848;75788,0.05263157894736842
grands	67937,0.014492753623188406;75788,0.02631578947368421
groupes	67937,0.014492753623188406
animaux	67937,0.014492753623188406
y	67937,0.028985507246376812
compris	67937,0.014492753623188406
homme	67937,0.014492753623188406
chez	67937,0.014492753623188406
ce	67937,0.043478260869565216;68280,0.03773584905660377;70916,0.028169014084507043;76213,0.09523809523809523
sujet	67937,0.014492753623188406
était	67937,0.014492753623188406
très	67937,0.014492753623188406;68280,0.018867924528301886;74457,0.125
peu	67937,0.014492753623188406
étudié	67937,0.014492753623188406;72397,0.045454545454545456
Pascal	67938,0.0625
Pics	67938,0.0625
paléoanthropologue	67938,0.125
au	67938,0.0625;68886,0.06172839506172839;69541,0.09090909090909091;69816,0.012195121951219513;71614,0.05555555555555555;73185,0.125;73684,0.08695652173913043;73876,0.024390243902439025;74450,0.05555555555555555;75064,0.07142857142857142;75065,0.07692307692307693;75458,0.019230769230769232;75792,0.05555555555555555
Collège	67938,0.0625
France	67938,0.0625;70916,0.007042253521126761;71612,0.037037037037037035;72636,0.08333333333333333
Un	67938,0.0625;68882,0.07142857142857142;69542,0.07692307692307693;70165,0.0625;74457,0.125;75458,0.038461538461538464;75788,0.05263157894736842
dans	67938,0.0625;67940,0.02702702702702703;68280,0.018867924528301886;69178,0.058823529411764705;69811,0.05405405405405406;70163,0.045454545454545456;70421,0.1;70423,0.047619047619047616;72119,0.05555555555555555;74168,0.0392156862745098;74750,0.04;75458,0.009615384615384616;75789,0.02702702702702703
entreprise	67938,0.0625;72933,0.034482758620689655
un	67938,0.0625;67940,0.05405405405405406;67941,0.25;68274,0.07692307692307693;68280,0.03773584905660377;68882,0.07142857142857142;68883,0.1111111111111111;68886,0.06172839506172839;69183,0.11764705882352941;69821,0.125;70423,0.09523809523809523;70747,0.15384615384615385;70916,0.007042253521126761;71614,0.05555555555555555;72119,0.05555555555555555;72397,0.045454545454545456;72635,0.038461538461538464;72939,0.14285714285714285;72940,0.0625;73431,0.0297029702970297;73684,0.043478260869565216;74167,0.1111111111111111;74168,0.0196078431372549;74752,0.07692307692307693;75063,0.047619047619047616;75065,0.07692307692307693;75070,0.16;75789,0.08108108108108109
dérange	67938,0.0625
Le	67940,0.02702702702702703;69179,0.07692307692307693;70914,0.029411764705882353;70916,0.02112676056338028;71612,0.037037037037037035;71836,0.045454545454545456;72115,0.2;72119,0.027777777777777776;72933,0.034482758620689655;73684,0.043478260869565216;74170,0.25;74450,0.1111111111111111;74455,0.07142857142857142;76213,0.047619047619047616
fauteuil	67940,0.05405405405405406
roulant	67940,0.02702702702702703
intelligent	67940,0.02702702702702703
développé	67940,0.02702702702702703
cadre	67940,0.02702702702702703;74168,0.0196078431372549
projet	67940,0.02702702702702703;74168,0.0392156862745098
franco	67940,0.02702702702702703
anglais	67940,0.02702702702702703
SYSIASS	67940,0.02702702702702703
objectif	67940,0.02702702702702703
est	67940,0.02702702702702703;68280,0.018867924528301886;68390,0.023255813953488372;70916,0.02112676056338028;72119,0.027777777777777776;72397,0.045454545454545456;73431,0.009900990099009901;75065,0.15384615384615385
offrir	67940,0.02702702702702703
personnes	67940,0.02702702702702703
atteitnes	67940,0.02702702702702703
handicap	67940,0.02702702702702703
moteur	67940,0.02702702702702703;72119,0.027777777777777776
une	67940,0.02702702702702703;68280,0.018867924528301886;68886,0.024691358024691357;69183,0.058823529411764705;69816,0.036585365853658534;70161,0.02702702702702703;70423,0.047619047619047616;70747,0.038461538461538464;72119,0.027777777777777776;72939,0.07142857142857142;73431,0.009900990099009901;74167,0.044444444444444446;74450,0.05555555555555555;74750,0.04;75789,0.02702702702702703
aide	67940,0.02702702702702703
technique	67940,0.02702702702702703
évolutive	67940,0.02702702702702703
adaptable	67940,0.02702702702702703
types	67940,0.02702702702702703
fauteuils	67940,0.02702702702702703
HERCULE	67941,0.125
prototype	67941,0.125
Cobot	67941,0.125
robot	67941,0.125;68883,0.05555555555555555;74170,0.25
collaboratif	67941,0.125
ResQME	68274,0.07692307692307693
porte	68274,0.07692307692307693
clés	68274,0.07692307692307693
breveté	68274,0.07692307692307693
peut	68274,0.07692307692307693
sauver	68274,0.07692307692307693
vies	68274,0.07692307692307693
route	68274,0.07692307692307693;69179,0.07692307692307693
Arts	68276,0.125;70161,0.05405405405405406;70422,0.08333333333333333;75457,0.05
Métiers	68276,0.125;70161,0.05405405405405406;70422,0.08333333333333333
école	68276,0.125
technologie	68276,0.125
Différentes	68280,0.018867924528301886
formes	68280,0.018867924528301886
possibles	68280,0.018867924528301886;70916,0.007042253521126761
matériau	68280,0.07547169811320754;68390,0.046511627906976744
inédit	68280,0.018867924528301886
Une	68280,0.018867924528301886;69183,0.058823529411764705;70420,0.07692307692307693;73876,0.024390243902439025;74454,0.06666666666666667;75458,0.009615384615384616;75791,0.045454545454545456
bande	68280,0.018867924528301886
déformée	68280,0.018867924528301886
four	68280,0.018867924528301886
Les	68280,0.018867924528301886;69816,0.024390243902439025;70916,0.007042253521126761;71621,0.3333333333333333
contraintes	68280,0.018867924528301886
torsion	68280,0.018867924528301886
que	68280,0.05660377358490566;76213,0.047619047619047616
subit	68280,0.018867924528301886
sont	68280,0.018867924528301886;69816,0.012195121951219513;70916,0.007042253521126761;74750,0.04
facilement	68280,0.018867924528301886;73431,0.009900990099009901
visualisables	68280,0.018867924528301886
par	68280,0.03773584905660377;68886,0.024691358024691357;69183,0.058823529411764705;69811,0.02702702702702703;69816,0.024390243902439025;70425,0.043478260869565216;70747,0.11538461538461539;71836,0.09090909090909091;72933,0.034482758620689655;73431,0.0297029702970297;73683,0.022222222222222223;74454,0.06666666666666667;75789,0.02702702702702703;75791,0.045454545454545456
couleurs	68280,0.03773584905660377
vives	68280,0.018867924528301886
sous	68280,0.018867924528301886;70916,0.007042253521126761
lumière	68280,0.018867924528301886;68886,0.012345679012345678
polarisée	68280,0.018867924528301886;68886,0.012345679012345678
Ces	68280,0.018867924528301886
disparaissent	68280,0.018867924528301886
quelques	68280,0.018867924528301886
minutes	68280,0.018867924528301886
chaud	68280,0.018867924528301886
a	68280,0.4339622641509434;68390,0.46511627906976744
adopté	68280,0.018867924528301886
nouvelle	68280,0.018867924528301886
forme	68280,0.03773584905660377;68390,0.023255813953488372;75065,0.07692307692307693;75789,0.02702702702702703
manière	68280,0.018867924528301886
permanente	68280,0.018867924528301886;70422,0.08333333333333333
La	68281,0.1;70744,0.022727272727272728;72119,0.027777777777777776;73683,0.022222222222222223;75458,0.009615384615384616
salle	68281,0.1;70163,0.045454545454545456;73876,0.024390243902439025;74168,0.0196078431372549
PECT	68281,0.1
campus	68281,0.1;75457,0.05
Angers	68281,0.1
ESSCA	68281,0.1
8	68383,0.09090909090909091
priorités	68383,0.09090909090909091
nourrir	68383,0.09090909090909091
réflexion	68383,0.09090909090909091
passer	68383,0.09090909090909091
action	68383,0.09090909090909091
Sur	68390,0.046511627906976744
cette	68390,0.046511627906976744;70744,0.022727272727272728;73431,0.009900990099009901;74750,0.04;75791,0.045454545454545456
image	68390,0.046511627906976744;68886,0.024691358024691357
été	68390,0.046511627906976744
élaboré	68390,0.046511627906976744
sans	68390,0.023255813953488372;75791,0.045454545454545456
ajouter	68390,0.023255813953488372
acétate	68390,0.023255813953488372
zirconium	68390,0.023255813953488372
sa	68390,0.046511627906976744
structure	68390,0.023255813953488372
ne	68390,0.023255813953488372;69542,0.07692307692307693;75458,0.038461538461538464
comporte	68390,0.023255813953488372
pas	68390,0.023255813953488372;69542,0.15384615384615385
motifs	68390,0.046511627906976744
réguliers	68390,0.046511627906976744
ajoutant	68390,0.023255813953488372
sel	68390,0.023255813953488372
elle	68390,0.023255813953488372
composée	68390,0.023255813953488372
hexagonale	68390,0.023255813953488372
Daniel	68638,0.034482758620689655
Verwaerde	68638,0.034482758620689655
directeur	68638,0.034482758620689655;75458,0.009615384615384616
DAM	68638,0.034482758620689655
CEA	68638,0.034482758620689655;68881,0.029411764705882353;70163,0.045454545454545456;70914,0.029411764705882353;72392,0.08;74168,0.0196078431372549;75064,0.07142857142857142
Xavier	68638,0.034482758620689655
Michel	68638,0.034482758620689655
Ecole	68638,0.034482758620689655;73430,0.1;73876,0.024390243902439025
Polytechnique	68638,0.034482758620689655
signant	68638,0.034482758620689655
protocole	68638,0.034482758620689655
accord	68638,0.034482758620689655;72392,0.04
création	68638,0.034482758620689655
IZEST	68638,0.034482758620689655
De	68881,0.029411764705882353;70914,0.029411764705882353
droite	68881,0.029411764705882353;70744,0.022727272727272728;70914,0.029411764705882353;72392,0.04
gauche	68881,0.029411764705882353;70744,0.022727272727272728;70914,0.029411764705882353;72392,0.04
Jean	68881,0.058823529411764705;70744,0.022727272727272728;73876,0.024390243902439025
Lou	68881,0.029411764705882353
Chameau	68881,0.029411764705882353
Président	68881,0.029411764705882353;69177,0.14285714285714285;72113,0.06666666666666667;72114,0.1111111111111111;72629,0.2;73182,0.125;73875,0.2
Caltech	68881,0.029411764705882353
Laurent	68881,0.029411764705882353;70161,0.05405405405405406;75457,0.05
Malier	68881,0.029411764705882353
Leti	68881,0.029411764705882353
Professeur	68881,0.029411764705882353;74454,0.06666666666666667
Michael	68881,0.029411764705882353
Roukes	68881,0.029411764705882353
Kavli	68881,0.029411764705882353
Nanosciences	68881,0.029411764705882353
Institute	68881,0.029411764705882353;72932,0.05555555555555555;76208,0.14285714285714285
Pierre	68881,0.029411764705882353;73876,0.024390243902439025;76213,0.047619047619047616
Braun	68881,0.029411764705882353
général	68881,0.029411764705882353
Analytical	68881,0.029411764705882353
Pixels	68881,0.029411764705882353
Technology	68881,0.029411764705882353;76208,0.14285714285714285
APIX	68881,0.029411764705882353
livre	68882,0.07142857142857142;76213,0.047619047619047616
important	68882,0.07142857142857142
thème	68882,0.07142857142857142
majeur	68882,0.07142857142857142
années	68882,0.07142857142857142
venir	68882,0.07142857142857142
alimentation	68882,0.07142857142857142;76213,0.047619047619047616
durable	68882,0.07142857142857142
VAIMOS	68883,0.1111111111111111;74170,0.25
record	68883,0.05555555555555555
voilier	68883,0.05555555555555555;74170,0.25
3	68883,0.1111111111111111;68886,0.024691358024691357;69821,0.125;75063,0.023809523809523808
65	68883,0.05555555555555555
m	68883,0.05555555555555555;68886,0.25925925925925924;75789,0.1891891891891892
long	68883,0.05555555555555555;70916,0.007042253521126761;75789,0.02702702702702703
poids	68883,0.05555555555555555
300	68883,0.05555555555555555
kg	68883,0.05555555555555555;70165,0.0625
Vue	68886,0.012345679012345678;70424,0.2;70425,0.043478260869565216;72635,0.038461538461538464;73683,0.022222222222222223;74168,0.0196078431372549;75070,0.04;75792,0.05555555555555555
microscope	68886,0.024691358024691357;72119,0.027777777777777776;75070,0.04
exemple	68886,0.012345679012345678
marque	68886,0.012345679012345678
laissée	68886,0.024691358024691357
microfissure	68886,0.024691358024691357
surface	68886,0.012345679012345678;72119,0.027777777777777776;75070,0.04
rupture	68886,0.012345679012345678
rapide	68886,0.024691358024691357
échantillon	68886,0.024691358024691357
Plexiglas	68886,0.024691358024691357
Dimensions	68886,0.024691358024691357
128	68886,0.012345679012345678
micro	68886,0.07407407407407407;70425,0.043478260869565216
137	68886,0.012345679012345678
En	68886,0.024691358024691357;69816,0.012195121951219513;73431,0.009900990099009901
haut	68886,0.012345679012345678
vue	68886,0.012345679012345678;74454,0.06666666666666667
réseau	68886,0.024691358024691357
empreintes	68886,0.012345679012345678
laissées	68886,0.012345679012345678
nucléation	68886,0.012345679012345678
coalescence	68886,0.012345679012345678
microfissures	68886,0.012345679012345678
lors	68886,0.012345679012345678;70163,0.045454545454545456
fracture	68886,0.012345679012345678
2	68886,0.024691358024691357;70165,0.0625
5	68886,0.024691358024691357
mm	68886,0.024691358024691357
x	68886,0.04938271604938271
bas	68886,0.012345679012345678
reconstruction	68886,0.012345679012345678
numérique	68886,0.012345679012345678
observé	68886,0.012345679012345678
Yannick	69177,0.14285714285714285
Escatha	69177,0.14285714285714285
CNES	69177,0.14285714285714285
Insertion	69178,0.058823529411764705
ligne	69178,0.058823529411764705
verticale	69178,0.058823529411764705
accélérateur	69178,0.058823529411764705
Genepi	69178,0.058823529411764705
3C	69178,0.058823529411764705
coeur	69178,0.058823529411764705
réacteur	69178,0.058823529411764705
GUINEVERE	69178,0.058823529411764705
Lancement	69179,0.07692307692307693
Vega	69179,0.15384615384615385
lanceur	69179,0.07692307692307693
son	69179,0.07692307692307693;70420,0.07692307692307693;70916,0.014084507042253521;72119,0.027777777777777776;73185,0.125;75788,0.02631578947368421
vol	69179,0.07692307692307693
qualification	69179,0.07692307692307693
bactérie	69183,0.058823529411764705
Escherichia	69183,0.058823529411764705
coli	69183,0.058823529411764705
marquée	69183,0.058823529411764705
incorporation	69183,0.058823529411764705
KDO	69183,0.058823529411764705
modifié	69183,0.058823529411764705
couplage	69183,0.058823529411764705
avec	69183,0.058823529411764705;69816,0.012195121951219513;70744,0.022727272727272728;73876,0.024390243902439025;74752,0.07692307692307693
molécule	69183,0.058823529411764705;72119,0.027777777777777776
fluorescente	69183,0.058823529411764705
1ère	69541,0.09090909090909091
édition	69541,0.09090909090909091;71612,0.037037037037037035
Journée	69541,0.09090909090909091
Speed	69541,0.09090909090909091
Project	69541,0.09090909090909091
sein	69541,0.09090909090909091;73876,0.024390243902439025;75064,0.07142857142857142;75792,0.05555555555555555
Supméca	69541,0.09090909090909091
rendez	69542,0.07692307692307693
vous	69542,0.07692307692307693
manquer	69542,0.07692307692307693
passionnés	69542,0.07692307692307693
hydravions	69542,0.07692307692307693
ENVISAT	69811,0.08108108108108109
plus	69811,0.02702702702702703;70916,0.007042253521126761;73431,0.009900990099009901
gros	69811,0.02702702702702703
satellite	69811,0.02702702702702703;71836,0.045454545454545456
surveillance	69811,0.02702702702702703
environnement	69811,0.02702702702702703
jamais	69811,0.02702702702702703
construit	69811,0.02702702702702703
Pollution	69811,0.02702702702702703
hydrocarbure	69811,0.02702702702702703
Golf	69811,0.02702702702702703
Mexique	69811,0.02702702702702703
observée	69811,0.02702702702702703
28	69811,0.02702702702702703
avril	69811,0.02702702702702703
2010	69811,0.02702702702702703;71835,0.09090909090909091
SENTINEL1	69811,0.02702702702702703
continuité	69811,0.02702702702702703
horizon	69811,0.02702702702702703
2013	69811,0.02702702702702703
Modifications	69816,0.012195121951219513
aires	69816,0.012195121951219513
répartition	69816,0.012195121951219513
prévues	69816,0.012195121951219513
pin	69816,0.024390243902439025
sylvestre	69816,0.024390243902439025
ici	69816,0.012195121951219513
2055	69816,0.012195121951219513
dues	69816,0.012195121951219513
changement	69816,0.012195121951219513
climatique	69816,0.024390243902439025
rouge	69816,0.012195121951219513;70744,0.022727272727272728;72635,0.038461538461538464;73684,0.043478260869565216
carte	69816,0.012195121951219513
régions	69816,0.012195121951219513;70916,0.007042253521126761
bioclimatiques	69816,0.012195121951219513
perte	69816,0.06097560975609756
quasi	69816,0.012195121951219513
totale	69816,0.012195121951219513
climat	69816,0.036585365853658534
favorable	69816,0.012195121951219513
marron	69816,0.012195121951219513
clair	69816,0.024390243902439025
modérée	69816,0.012195121951219513
vert	69816,0.012195121951219513;70744,0.045454545454545456;72115,0.2;72635,0.07692307692307693
faible	69816,0.012195121951219513
beige	69816,0.012195121951219513;72635,0.038461538461538464
absence	69816,0.012195121951219513
actuelle	69816,0.012195121951219513
pourcentages	69816,0.012195121951219513
chaque	69816,0.024390243902439025;72635,0.038461538461538464
région	69816,0.036585365853658534;70916,0.028169014084507043
indiquent	69816,0.012195121951219513
moyenne	69816,0.012195121951219513
cinq	69816,0.012195121951219513
modèles	69816,0.024390243902439025
prévisions	69816,0.012195121951219513
pris	69816,0.012195121951219513
individuellement	69816,0.012195121951219513
indiquées	69816,0.012195121951219513
médaillon	69816,0.012195121951219513
6	69821,0.125;71836,0.045454545454545456
volumes	69821,0.125
000	69821,0.125;70916,0.007042253521126761
pages	69821,0.125
travail	69821,0.125
monumental	69821,0.125
Carraro	70161,0.05405405405405406;75457,0.05
ParisTech	70161,0.05405405405405406;70422,0.08333333333333333;75457,0.05
Arrêtons	70161,0.02702702702702703
former	70161,0.02702702702702703
ingénieurs	70161,0.02702702702702703
bien	70161,0.02702702702702703
calibrés	70161,0.02702702702702703
certes	70161,0.02702702702702703
mais	70161,0.02702702702702703;75788,0.02631578947368421
dont	70161,0.02702702702702703
tué	70161,0.02702702702702703
part	70161,0.02702702702702703
leur	70161,0.02702702702702703
créativité	70161,0.02702702702702703
estime	70161,0.02702702702702703
imageur	70163,0.045454545454545456
MIRIM	70163,0.045454545454545456
blanche	70163,0.045454545454545456
Service	70163,0.045454545454545456
Astrophysique	70163,0.045454545454545456
Laboratoire	70163,0.045454545454545456
AIM	70163,0.045454545454545456
Irfu	70163,0.045454545454545456
tests	70163,0.045454545454545456
alignements	70163,0.045454545454545456
optiques	70163,0.045454545454545456
Vol	70165,0.0625
inaugural	70165,0.0625
Drone	70165,0.125
0	70165,0.0625
Delta	70165,0.0625
drone	70165,0.0625
pesant	70165,0.0625
moins	70165,0.0625
4	70165,0.0625
plateforme	70420,0.07692307692307693
unique	70420,0.07692307692307693;70747,0.038461538461538464;75070,0.04;75788,0.02631578947368421
genre	70420,0.07692307692307693;75788,0.02631578947368421
Des	70420,0.07692307692307693;70744,0.022727272727272728;70916,0.007042253521126761
robots	70420,0.07692307692307693;71614,0.05555555555555555
caméras	70420,0.07692307692307693
plantes	70420,0.07692307692307693
avatar	70421,0.1
pompier	70421,0.1
rame	70421,0.1
virtuelle	70421,0.1;74168,0.0196078431372549;75064,0.07142857142857142
RER	70421,0.1
Rizlene	70422,0.08333333333333333
Bouchemoua	70422,0.08333333333333333
Représentante	70422,0.08333333333333333
Aux	70422,0.08333333333333333
Etats	70422,0.08333333333333333;72932,0.05555555555555555
Unis	70422,0.08333333333333333;72932,0.05555555555555555
Image	70423,0.047619047619047616;71836,0.045454545454545456;74168,0.0196078431372549
microscopie	70423,0.047619047619047616
force	70423,0.047619047619047616
atomique	70423,0.047619047619047616
glycopolymère	70423,0.047619047619047616
nano	70423,0.047619047619047616;70747,0.07692307692307693;72635,0.11538461538461539
organisé	70423,0.047619047619047616
cylindres	70423,0.047619047619047616
sucres	70423,0.047619047619047616
matrice	70423,0.047619047619047616
polystyrène	70423,0.047619047619047616
silicié	70423,0.047619047619047616
artiste	70424,0.2;75792,0.05555555555555555
Euclid	70424,0.2
ensemble	70425,0.043478260869565216;73683,0.022222222222222223
levier	70425,0.043478260869565216
nanostructuré	70425,0.043478260869565216
nanotubes	70425,0.08695652173913043
alignés	70425,0.043478260869565216
dioxyde	70425,0.043478260869565216
titane	70425,0.043478260869565216
Agrandissement	70425,0.043478260869565216
forêt	70425,0.043478260869565216
TiO2	70425,0.043478260869565216
partie	70744,0.022727272727272728;73431,0.009900990099009901
figure	70744,0.022727272727272728
montre	70744,0.022727272727272728
position	70744,0.022727272727272728;72119,0.027777777777777776
trait	70744,0.022727272727272728
plein	70744,0.022727272727272728
vitesse	70744,0.022727272727272728
pointillé	70744,0.022727272727272728
mouvements	70744,0.022727272727272728
oculaires	70744,0.022727272727272728
horizontaux	70744,0.022727272727272728
verticaux	70744,0.022727272727272728;72635,0.038461538461538464
A	70744,0.022727272727272728
mot	70744,0.022727272727272728
eye	70744,0.022727272727272728
correspondant	70744,0.022727272727272728;73683,0.022222222222222223
ces	70744,0.022727272727272728;73431,0.0297029702970297
tracés	70744,0.022727272727272728
chiffres	70744,0.022727272727272728
prénom	70744,0.022727272727272728
écrits	70744,0.022727272727272728
dispositif	70744,0.022727272727272728
Représentation	70747,0.038461538461538464
schématique	70747,0.038461538461538464;72635,0.038461538461538464
antenne	70747,0.038461538461538464
formée	70747,0.038461538461538464
deux	70747,0.038461538461538464;75458,0.009615384615384616
nanoparticules	70747,0.038461538461538464;74750,0.04
or	70747,0.07692307692307693
liées	70747,0.038461538461538464
double	70747,0.038461538461538464
brin	70747,0.038461538461538464
ADN	70747,0.038461538461538464
alimentée	70747,0.038461538461538464;75789,0.02702702702702703
émetteur	70747,0.038461538461538464
quantique	70747,0.038461538461538464
Bernard	70914,0.029411764705882353;72392,0.04
Bigot	70914,0.029411764705882353;72392,0.04
Administrateur	70914,0.029411764705882353;72392,0.04
Genevieve	70914,0.029411764705882353
Fioraso	70914,0.029411764705882353
Ministre	70914,0.029411764705882353;72933,0.034482758620689655
Enseignement	70914,0.029411764705882353
Supérieur	70914,0.029411764705882353
Recherche	70914,0.029411764705882353
Philippe	70914,0.029411764705882353
Vannier	70914,0.029411764705882353
PDG	70914,0.058823529411764705
Bull	70914,0.029411764705882353
Catherine	70914,0.029411764705882353
Rivière	70914,0.029411764705882353
GENCI	70914,0.029411764705882353
supercalculateur	70914,0.029411764705882353
CURIE	70914,0.029411764705882353
Cartes	70916,0.007042253521126761
huit	70916,0.007042253521126761
étude	70916,0.007042253521126761;73431,0.009900990099009901
Sud	70916,0.007042253521126761
particulièrement	70916,0.007042253521126761
Cévennes	70916,0.007042253521126761
Vivarais	70916,0.007042253521126761
CV	70916,0.014084507042253521
Corse	70916,0.007042253521126761
C0	70916,0.007042253521126761
centre	70916,0.007042253521126761;74168,0.0196078431372549;75064,0.07142857142857142
Italie	70916,0.014084507042253521;75788,0.02631578947368421
IC	70916,0.014084507042253521
Nord	70916,0.007042253521126761
INE	70916,0.014084507042253521
Ligurie	70916,0.007042253521126761
Toscane	70916,0.007042253521126761
LT	70916,0.007042253521126761
Valence	70916,0.007042253521126761
Espagne	70916,0.007042253521126761
VA	70916,0.007042253521126761
Catalogne	70916,0.007042253521126761
CA	70916,0.007042253521126761
îles	70916,0.007042253521126761
Baléares	70916,0.007042253521126761
BA	70916,0.014084507042253521
instruments	70916,0.007042253521126761
recherche	70916,0.007042253521126761;71837,0.09090909090909091
seront	70916,0.007042253521126761
déployés	70916,0.007042253521126761
spécialement	70916,0.007042253521126761
campagne	70916,0.007042253521126761
automne	70916,0.007042253521126761
sites	70916,0.007042253521126761;75788,0.02631578947368421
CO	70916,0.007042253521126761
Thétys	70916,0.007042253521126761
II	70916,0.007042253521126761
navire	70916,0.014084507042253521
océanographique	70916,0.007042253521126761
côtier	70916,0.007042253521126761
CNRS	70916,0.007042253521126761
INSU	70916,0.007042253521126761
mesures	70916,0.02112676056338028
effectuées	70916,0.007042253521126761
contribuent	70916,0.007042253521126761
observations	70916,0.007042253521126761;73431,0.009900990099009901;75789,0.02702702702702703
terme	70916,0.007042253521126761
programme	70916,0.007042253521126761
HyMeX	70916,0.007042253521126761
glider	70916,0.007042253521126761
appareil	70916,0.007042253521126761;74167,0.022222222222222223
autonome	70916,0.007042253521126761
marin	70916,0.007042253521126761
réalise	70916,0.007042253521126761
température	70916,0.007042253521126761
salinité	70916,0.007042253521126761
premiers	70916,0.007042253521126761
mètres	70916,0.007042253521126761
mer	70916,0.007042253521126761
Selon	70916,0.007042253521126761
capteurs	70916,0.007042253521126761
installés	70916,0.007042253521126761
bord	70916,0.007042253521126761
biogéochimiques	70916,0.007042253521126761
vitesses	70916,0.007042253521126761
aussi	70916,0.007042253521126761;75788,0.02631578947368421
Sylvaine	71612,0.037037037037037035
Jacquart	71612,0.037037037037037035
lauréate	71612,0.037037037037037035
6ème	71612,0.037037037037037035
bourses	71612,0.037037037037037035
Oréal	71612,0.037037037037037035
Unesco	71612,0.037037037037037035
Académie	71612,0.037037037037037035;72113,0.06666666666666667;73182,0.125
sciences	71612,0.037037037037037035;72939,0.07142857142857142
Pour	71612,0.037037037037037035
femmes	71612,0.037037037037037035
science	71612,0.07407407407407407
nouveau	71612,0.037037037037037035;76213,0.047619047619047616
ciment	71612,0.037037037037037035
biomimétique	71612,0.037037037037037035
injectable	71612,0.037037037037037035
Bertin	71614,0.05555555555555555
Nahum	71614,0.05555555555555555
fondateur	71614,0.05555555555555555;72114,0.1111111111111111
Medtech	71614,0.1111111111111111
ROSA	71614,0.05555555555555555
fonctionnement	71614,0.05555555555555555
bloc	71614,0.05555555555555555
opératoire	71614,0.05555555555555555
ïles	71621,0.3333333333333333
pionnières	71621,0.3333333333333333
Cédric	71835,0.09090909090909091
Villani	71835,0.09090909090909091
Institut	71835,0.09090909090909091;75792,0.05555555555555555
Henri	71835,0.09090909090909091
Poincaré	71835,0.09090909090909091
Médaille	71835,0.09090909090909091
Fields	71835,0.09090909090909091
Palais	71836,0.045454545454545456
Madrid	71836,0.045454545454545456
prise	71836,0.045454545454545456
Pléiades	71836,0.09090909090909091
1B	71836,0.045454545454545456
décembre	71836,0.045454545454545456
2012	71836,0.045454545454545456;71837,0.09090909090909091
Kourou	71836,0.045454545454545456
Guyane	71836,0.045454545454545456
vu	71836,0.045454545454545456
1A	71836,0.045454545454545456
Francis	71837,0.09090909090909091
Martin	71837,0.09090909090909091
lauréat	71837,0.09090909090909091
Laurier	71837,0.09090909090909091
Inra	71837,0.09090909090909091
agronomique	71837,0.09090909090909091
Bruno	72113,0.06666666666666667;73430,0.1
Revellin	72113,0.06666666666666667
Falcoz	72113,0.06666666666666667
honoraire	72113,0.06666666666666667
Délégué	72113,0.06666666666666667
relations	72113,0.06666666666666667
internationales	72113,0.06666666666666667
Technologies	72113,0.06666666666666667;73182,0.125
Stéphane	72114,0.1111111111111111
Poughon	72114,0.1111111111111111
DisaSolar	72114,0.1111111111111111
Cellule	72114,0.1111111111111111
OPV	72114,0.1111111111111111
mamba	72115,0.2
Dendroapsis	72115,0.2
angusticeps	72115,0.2
ancrée	72119,0.027777777777777776
via	72119,0.027777777777777776
trois	72119,0.027777777777777776;73683,0.022222222222222223;75791,0.045454545454545456
points	72119,0.027777777777777776
accroche	72119,0.027777777777777776
plateau	72119,0.027777777777777776
supérieur	72119,0.027777777777777776
tourne	72119,0.027777777777777776
sens	72119,0.027777777777777776
autre	72119,0.027777777777777776
autour	72119,0.027777777777777776
axe	72119,0.027777777777777776
selon	72119,0.027777777777777776
pointe	72119,0.027777777777777776;75070,0.04
Antoine	72392,0.04
Frérot	72392,0.04
Pdg	72392,0.04
Véolia	72392,0.04
Environnement	72392,0.04;75458,0.009615384615384616
signent	72392,0.04
stratégique	72392,0.04
collaboration	72392,0.04
Veolia	72392,0.04
Schéma	72397,0.045454545454545456
principe	72397,0.045454545454545456
expérience	72397,0.045454545454545456
transport	72397,0.045454545454545456
osmotique	72397,0.045454545454545456
eau	72397,0.045454545454545456;74750,0.08
travers	72397,0.045454545454545456;75458,0.009615384615384616
nanotube	72397,0.045454545454545456
Bore	72397,0.045454545454545456
Azote	72397,0.045454545454545456
transmembranaire	72397,0.045454545454545456
Alain	72629,0.2
Bugat	72629,0.2
NucAdvisor	72629,0.2
transistors	72635,0.038461538461538464
3D	72635,0.038461538461538464;73431,0.009900990099009901
montrant	72635,0.038461538461538464;74167,0.022222222222222223
grille	72635,0.038461538461538464
entourant	72635,0.038461538461538464
nanofils	72635,0.038461538461538464
séparant	72635,0.038461538461538464
contacts	72635,0.038461538461538464
extrémités	72635,0.038461538461538464
nanofil	72635,0.07692307692307693
Sandy	72636,0.08333333333333333
Bodet	72636,0.08333333333333333
Meilleur	72636,0.08333333333333333
Apprenti	72636,0.08333333333333333
Mécanique	72636,0.08333333333333333
Aéronautique	72636,0.08333333333333333
Cellules	72636,0.08333333333333333
Aéronefs	72636,0.08333333333333333
Nalini	72932,0.05555555555555555
Anantharaman	72932,0.05555555555555555
mathématicienne	72932,0.05555555555555555
française	72932,0.05555555555555555
actuellement	72932,0.05555555555555555
résidence	72932,0.05555555555555555
for	72932,0.05555555555555555
Advanced	72932,0.05555555555555555
Study	72932,0.05555555555555555
Princeton	72932,0.05555555555555555
Taxibot	72933,0.034482758620689655
TLD	72933,0.06896551724137931
leader	72933,0.034482758620689655
mondial	72933,0.034482758620689655
équipements	72933,0.034482758620689655;73876,0.024390243902439025
aéroportuaires	72933,0.034482758620689655
Remise	72933,0.034482758620689655
National	72933,0.034482758620689655
Innovation	72933,0.034482758620689655;73876,0.024390243902439025
Industrielle	72933,0.034482758620689655
Redressement	72933,0.034482758620689655
Productif	72933,0.034482758620689655
Arnaud	72933,0.034482758620689655
Montebourg	72933,0.034482758620689655
Innovatives	72939,0.07142857142857142
SHS	72939,0.07142857142857142
salon	72939,0.07142857142857142
valorisation	72939,0.07142857142857142
humaines	72939,0.07142857142857142;75063,0.023809523809523808
sociales	72939,0.07142857142857142;75063,0.023809523809523808
première	72939,0.07142857142857142
énergie	72940,0.0625;75789,0.02702702702702703
découvert	72940,0.0625
outil	72940,0.0625;73431,0.009900990099009901;75788,0.02631578947368421
idéal	72940,0.0625
mieux	72940,0.0625;76213,0.047619047619047616
débat	72940,0.0625
transition	72940,0.0625
énergétique	72940,0.0625
Roucairol	73182,0.125
Carte	73183,0.125
expédition	73183,0.125
Tara	73183,0.125
Oceans	73183,0.125
Polar	73183,0.125
Circle	73183,0.125
Hugo	73185,0.125
Niccolaï	73185,0.125
cours	73185,0.125;73683,0.044444444444444446
escale	73185,0.125
péruvienne	73185,0.125
Goubet	73430,0.1
Mines	73430,0.1
Ales	73430,0.1
Mallette	73431,0.009900990099009901
pédagogique	73431,0.009900990099009901
VIRCOPAL	73431,0.009900990099009901
Syphilis	73431,0.009900990099009901
Cette	73431,0.019801980198019802
mallette	73431,0.0297029702970297
nouvel	73431,0.009900990099009901;74455,0.07142857142857142
compréhension	73431,0.009900990099009901
pathologie	73431,0.009900990099009901
partir	73431,0.009900990099009901
reproductions	73431,0.019801980198019802
biofidèles	73431,0.009900990099009901
pièces	73431,0.019801980198019802
osseuses	73431,0.0297029702970297
pathologiques	73431,0.009900990099009901
résine	73431,0.009900990099009901
contient	73431,0.009900990099009901
données	73431,0.019801980198019802
qualitatives	73431,0.009900990099009901
quantitatives	73431,0.009900990099009901
issues	73431,0.019801980198019802
acquisitions	73431,0.009900990099009901
obtenues	73431,0.009900990099009901
scanner	73431,0.009900990099009901
livret	73431,0.009900990099009901
explicatif	73431,0.009900990099009901
permet	73431,0.009900990099009901;74167,0.022222222222222223
exploiter	73431,0.009900990099009901
lésions	73431,0.009900990099009901
syphilis	73431,0.009900990099009901
s	73431,0.5742574257425742;75063,0.4523809523809524
appuyant	73431,0.009900990099009901
réelles	73431,0.009900990099009901
originales	73431,0.009900990099009901
Impression	73431,0.009900990099009901
diaphyse	73431,0.009900990099009901
fémorale	73431,0.009900990099009901
coupée	73431,0.009900990099009901
virtuellement	73431,0.009900990099009901
longitudinalement	73431,0.009900990099009901
montrer	73431,0.009900990099009901
gomme	73431,0.009900990099009901
syphilitique	73431,0.009900990099009901
Maquette	73683,0.022222222222222223
restitution	73683,0.022222222222222223
finale	73683,0.022222222222222223;75065,0.07692307692307693
épave	73683,0.022222222222222223
Verne	73683,0.022222222222222223
9	73683,0.022222222222222223
Détail	73683,0.022222222222222223
assemblage	73683,0.022222222222222223
ligatures	73683,0.022222222222222223
réplique	73683,0.044444444444444446
navigante	73683,0.044444444444444446
Gyptis	73683,0.044444444444444446
construction	73683,0.044444444444444446
fond	73683,0.022222222222222223
carène	73683,0.022222222222222223
premières	73683,0.022222222222222223
virures	73683,0.022222222222222223
Malymas	73684,0.043478260869565216
vin	73684,0.043478260869565216
gabonais	73684,0.043478260869565216
disponible	73684,0.043478260869565216
aujourd	73684,0.043478260869565216
hui	73684,0.043478260869565216
blanc	73684,0.043478260869565216
rosé	73684,0.043478260869565216
Planter	73684,0.043478260869565216
développer	73684,0.043478260869565216
vignes	73684,0.043478260869565216
Gabon	73684,0.043478260869565216
il	73684,0.043478260869565216;75063,0.023809523809523808
fallait	73684,0.043478260869565216
oser	73684,0.043478260869565216
Yves	73875,0.2
Metz	73875,0.2
Ingérop	73875,0.2
Berthet	73876,0.024390243902439025
Stratégie	73876,0.024390243902439025
Numérique	73876,0.024390243902439025
Centrale	73876,0.024390243902439025
Lyon	73876,0.024390243902439025
initiateur	73876,0.024390243902439025
Thierry	73876,0.024390243902439025;74167,0.044444444444444446;74752,0.07692307692307693
Picq	73876,0.024390243902439025
Doyen	73876,0.024390243902439025
associé	73876,0.024390243902439025
Pédagogique	73876,0.024390243902439025
EMLYON	73876,0.024390243902439025
Business	73876,0.024390243902439025
School	73876,0.024390243902439025
LearningLab	73876,0.04878048780487805
spécifiques	73876,0.024390243902439025
Regond	74167,0.044444444444444446
présentant	74167,0.044444444444444446
détecteur	74167,0.022222222222222223
fuite	74167,0.044444444444444446
hélium	74167,0.022222222222222223
représentants	74167,0.022222222222222223
délégation	74167,0.022222222222222223
militaire	74167,0.022222222222222223
base	74167,0.022222222222222223
aérienne	74167,0.022222222222222223
Ambérieu	74167,0.022222222222222223
Bugey	74167,0.022222222222222223
détecter	74167,0.022222222222222223
localiser	74167,0.022222222222222223
intérieur	74167,0.022222222222222223
réservoir	74167,0.022222222222222223
générale	74168,0.0196078431372549
tokamak	74168,0.058823529411764705
Tore	74168,0.0784313725490196
Supra	74168,0.0784313725490196
installé	74168,0.0196078431372549
Cadarache	74168,0.0196078431372549;75064,0.07142857142857142
Etudes	74168,0.0196078431372549
paramètres	74168,0.0196078431372549
plasma	74168,0.0196078431372549
depuis	74168,0.0196078431372549
contrôle	74168,0.0196078431372549
commande	74168,0.0196078431372549
Reconfiguration	74168,0.0196078431372549
WEST	74168,0.0392156862745098
configuré	74168,0.0196078431372549
DT	74450,0.1111111111111111
18	74450,0.1111111111111111
Delair	74450,0.05555555555555555
Tech	74450,0.05555555555555555
top	74450,0.05555555555555555
filière	74450,0.05555555555555555
train	74450,0.05555555555555555
émerger	74450,0.05555555555555555
larynx	74454,0.06666666666666667
artificiel	74454,0.06666666666666667
ProTip	74454,0.06666666666666667
implanté	74454,0.06666666666666667
équipe	74454,0.06666666666666667
Christian	74454,0.06666666666666667
Debry	74454,0.06666666666666667
instrument	74455,0.07142857142857142
Ilsa	74455,0.07142857142857142
dépister	74455,0.07142857142857142
cancer	74455,0.07142857142857142
col	74455,0.07142857142857142
utérus	74455,0.07142857142857142
petit	74457,0.125
utile	74457,0.125
pleine	74457,0.125
controverse	74457,0.125
Deux	74750,0.04
morceaux	74750,0.04
gel	74750,0.04
collés	74750,0.04
solution	74750,0.04
aqueuse	74750,0.04
silice	74750,0.04
immergés	74750,0.04
adhésion	74750,0.04
résiste	74750,0.04
immersion	74750,0.04
Raphaël	74752,0.07692307692307693
Haumont	74752,0.07692307692307693
étonnant	74752,0.07692307692307693
chimiste	74752,0.07692307692307693
cuisine	74752,0.07692307692307693
chef	74752,0.07692307692307693
étoilé	74752,0.07692307692307693
Marx	74752,0.07692307692307693
RETORIK	75063,0.023809523809523808
humanoïde	75063,0.023809523809523808
ayant	75063,0.023809523809523808
maturité	75063,0.023809523809523808
enfant	75063,0.023809523809523808
âgé	75063,0.023809523809523808
auquel	75063,0.023809523809523808
équipes	75063,0.023809523809523808
Davi	75063,0.023809523809523808
dispensent	75063,0.023809523809523808
progressivement	75063,0.023809523809523808
connaissances	75063,0.023809523809523808
tout	75063,0.023809523809523808
attachant	75063,0.023809523809523808
éduquer	75063,0.023809523809523808
afin	75063,0.023809523809523808
qu	75063,0.09523809523809523;75458,0.019230769230769232
apprenne	75063,0.023809523809523808
règles	75063,0.023809523809523808
émotions	75063,0.023809523809523808
Salle	75064,0.07142857142857142
réalité	75064,0.07142857142857142
IRFM	75064,0.07142857142857142
Flacon	75065,0.07692307692307693
contenant	75065,0.07692307692307693
lyophilisat	75065,0.07692307692307693
destinée	75065,0.07692307692307693
produit	75065,0.07692307692307693
Livatag	75065,0.07692307692307693
artistique	75070,0.04
électroluminescence	75070,0.04
fil	75070,0.04
moléculaire	75070,0.04
polythiophène	75070,0.04
suspendu	75070,0.04
entre	75070,0.04
effet	75070,0.04
tunnel	75070,0.04
Métier	75457,0.05
Laser	75457,0.05
Châlons	75457,0.05
Champagne	75457,0.05
Plateforme	75457,0.05
technologique	75457,0.05
Bordeaux	75457,0.05
Boëtsch	75458,0.009615384615384616
Unité	75458,0.009615384615384616
Mixte	75458,0.009615384615384616
International	75458,0.019230769230769232
Santé	75458,0.009615384615384616
Sociétés	75458,0.009615384615384616
UMI	75458,0.009615384615384616
ESS	75458,0.009615384615384616
Observatoire	75458,0.009615384615384616
Hommes	75458,0.009615384615384616
Milieux	75458,0.009615384615384616
Téssékéré	75458,0.009615384615384616
OHMi	75458,0.009615384615384616
structures	75458,0.009615384615384616
basées	75458,0.009615384615384616
Sénégal	75458,0.019230769230769232
Grande	75458,0.028846153846153848
Muraille	75458,0.028846153846153848
Verte	75458,0.009615384615384616
7700	75458,0.009615384615384616
km	75458,0.009615384615384616
11	75458,0.009615384615384616
pays	75458,0.009615384615384616
Afrique	75458,0.009615384615384616
pépinière	75458,0.009615384615384616
jeunes	75458,0.009615384615384616
plants	75458,0.009615384615384616
acacias	75458,0.009615384615384616
Widou	75458,0.009615384615384616
Thiengoli	75458,0.009615384615384616
avant	75458,0.009615384615384616
ils	75458,0.009615384615384616
soient	75458,0.009615384615384616
plantés	75458,0.009615384615384616
parcelles	75458,0.009615384615384616
verte	75458,0.019230769230769232
GMV	75458,0.009615384615384616
saison	75458,0.009615384615384616
pluies	75458,0.009615384615384616
doctorant	75458,0.009615384615384616
écologie	75458,0.009615384615384616
végétale	75458,0.009615384615384616
Université	75458,0.009615384615384616
Cheikh	75458,0.009615384615384616
Anta	75458,0.009615384615384616
Diop	75458,0.009615384615384616
Dakar	75458,0.009615384615384616
suit	75458,0.009615384615384616
évolution	75458,0.009615384615384616
espèce	75458,0.009615384615384616
Balanites	75458,0.009615384615384616
aegyptiaca	75458,0.009615384615384616
dattier	75458,0.009615384615384616
désert	75458,0.009615384615384616
tracé	75458,0.009615384615384616
Eoliennes	75463,1.0
Emballage	75464,0.3333333333333333
polymère	75464,0.3333333333333333
Bien	75465,0.5
veillir	75465,0.5
visualisation	75788,0.02631578947368421
archéologues	75788,0.02631578947368421
préhistoriens	75788,0.02631578947368421
potentiel	75788,0.02631578947368421
intéresse	75788,0.02631578947368421
ores	75788,0.02631578947368421
déjà	75788,0.02631578947368421
autres	75788,0.02631578947368421
prestigieux	75788,0.02631578947368421
comme	75788,0.02631578947368421
Pompéi	75788,0.02631578947368421
universités	75788,0.02631578947368421
musées	75788,0.02631578947368421
Stratobus	75789,0.02702702702702703
ballon	75789,0.02702702702702703
stationnaire	75789,0.02702702702702703
stratosphère	75789,0.02702702702702703
100	75789,0.02702702702702703
33	75789,0.02702702702702703
large	75789,0.02702702702702703
cellules	75789,0.02702702702702703
solaires	75789,0.02702702702702703
plate	75789,0.02702702702702703
idéale	75789,0.02702702702702703
missions	75789,0.02702702702702703
cartographie	75789,0.02702702702702703
télécommunications	75789,0.02702702702702703
Utilisation	75791,0.045454545454545456
main	75791,0.09090909090909091
robotisée	75791,0.045454545454545456
contact	75791,0.045454545454545456
temps	75791,0.045454545454545456
réel	75791,0.045454545454545456
dotée	75791,0.045454545454545456
doigts	75791,0.045454545454545456
flexibles	75791,0.045454545454545456
manipuler	75791,0.045454545454545456
indépendamment	75791,0.045454545454545456
opérateur	75791,0.045454545454545456
Européen	75792,0.05555555555555555
Hydrométallurgie	75792,0.05555555555555555
IEH	75792,0.1111111111111111
Parc	75792,0.05555555555555555
Marcel	75792,0.05555555555555555
Boiteux	75792,0.05555555555555555
Massachusetts	76208,0.14285714285714285
of	76208,0.14285714285714285
MIT	76208,0.14285714285714285
Boston	76208,0.14285714285714285
agronome	76213,0.047619047619047616
Feillet	76213,0.047619047619047616
lire	76213,0.047619047619047616
urgence	76213,0.047619047619047616
sera	76213,0.047619047619047616
notre	76213,0.047619047619047616
demain	76213,0.047619047619047616
